# Generated by cas_to_bound.py
# L x0 y0 x1 y1 dir bc bcnum
# Zone 4: symmetry
L -2.6666666666666672e-01 0.0000000000000000e+00 -2.6122448979591845e-01 0.0000000000000000e+00 1 -8 1
L -2.6122448979591845e-01 0.0000000000000000e+00 -2.5578231292517012e-01 0.0000000000000000e+00 1 -8 1
L -2.5578231292517012e-01 0.0000000000000000e+00 -2.5034013605442185e-01 0.0000000000000000e+00 1 -8 1
L -2.5034013605442185e-01 0.0000000000000000e+00 -2.4489795918367349e-01 0.0000000000000000e+00 1 -8 1
L -2.4489795918367349e-01 0.0000000000000000e+00 -2.3945578231292516e-01 0.0000000000000000e+00 1 -8 1
L -2.3945578231292516e-01 0.0000000000000000e+00 -2.3401360544217681e-01 0.0000000000000000e+00 1 -8 1
L -2.3401360544217681e-01 0.0000000000000000e+00 -2.2857142857142851e-01 0.0000000000000000e+00 1 -8 1
L -2.2857142857142851e-01 0.0000000000000000e+00 -2.2312925170068029e-01 0.0000000000000000e+00 1 -8 1
L -2.2312925170068029e-01 0.0000000000000000e+00 -2.1768707482993196e-01 0.0000000000000000e+00 1 -8 1
L -2.1768707482993196e-01 0.0000000000000000e+00 -2.1224489795918366e-01 0.0000000000000000e+00 1 -8 1
L -2.1224489795918366e-01 0.0000000000000000e+00 -2.0680272108843542e-01 0.0000000000000000e+00 1 -8 1
L -2.0680272108843542e-01 0.0000000000000000e+00 -2.0136054421768709e-01 0.0000000000000000e+00 1 -8 1
L -2.0136054421768709e-01 0.0000000000000000e+00 -1.9591836734693877e-01 0.0000000000000000e+00 1 -8 1
L -1.9591836734693877e-01 0.0000000000000000e+00 -1.9047619047619044e-01 0.0000000000000000e+00 1 -8 1
L -1.9047619047619044e-01 0.0000000000000000e+00 -1.8503401360544211e-01 0.0000000000000000e+00 1 -8 1
L -1.8503401360544211e-01 0.0000000000000000e+00 -1.7959183673469378e-01 0.0000000000000000e+00 1 -8 1
L -1.7959183673469378e-01 0.0000000000000000e+00 -1.7414965986394557e-01 0.0000000000000000e+00 1 -8 1
L -1.7414965986394557e-01 0.0000000000000000e+00 -1.6870748299319735e-01 0.0000000000000000e+00 1 -8 1
L -1.6870748299319735e-01 0.0000000000000000e+00 -1.6326530612244902e-01 0.0000000000000000e+00 1 -8 1
L -1.6326530612244902e-01 0.0000000000000000e+00 -1.5782312925170072e-01 0.0000000000000000e+00 1 -8 1
L -1.5782312925170072e-01 0.0000000000000000e+00 -1.5238095238095237e-01 0.0000000000000000e+00 1 -8 1
L -1.5238095238095237e-01 0.0000000000000000e+00 -1.4693877551020404e-01 0.0000000000000000e+00 1 -8 1
L -1.4693877551020404e-01 0.0000000000000000e+00 -1.4149659863945596e-01 0.0000000000000000e+00 1 -8 1
L -1.4149659863945596e-01 0.0000000000000000e+00 -1.3605442176870761e-01 0.0000000000000000e+00 1 -8 1
L -1.3605442176870761e-01 0.0000000000000000e+00 -1.3061224489795931e-01 0.0000000000000000e+00 1 -8 1
L -1.3061224489795931e-01 0.0000000000000000e+00 -1.2517006802721095e-01 0.0000000000000000e+00 1 -8 1
L -1.2517006802721095e-01 0.0000000000000000e+00 -1.1968807112258170e-01 0.0000000000000000e+00 1 -8 1
L -1.1968807112258170e-01 0.0000000000000000e+00 -1.1417141947936153e-01 0.0000000000000000e+00 1 -8 1
L -1.1417141947936153e-01 0.0000000000000000e+00 -1.0862541439378899e-01 0.0000000000000000e+00 1 -8 1
L -1.0862541439378899e-01 0.0000000000000000e+00 -1.0305547337302665e-01 0.0000000000000000e+00 1 -8 1
L -1.0305547337302665e-01 0.0000000000000000e+00 -9.7467109375964367e-02 0.0000000000000000e+00 1 -8 1
L -9.7467109375964367e-02 0.0000000000000000e+00 -9.1865909250068420e-02 0.0000000000000000e+00 1 -8 1
L -9.1865909250068420e-02 0.0000000000000000e+00 -8.6257511541033033e-02 0.0000000000000000e+00 1 -8 1
L -8.6257511541033033e-02 0.0000000000000000e+00 -8.0647583861089542e-02 0.0000000000000000e+00 1 -8 1
L -8.0647583861089542e-02 0.0000000000000000e+00 -7.5041800008275775e-02 0.0000000000000000e+00 1 -8 1
L -7.5041800008275775e-02 0.0000000000000000e+00 -6.9445817032622731e-02 0.0000000000000000e+00 1 -8 1
L -6.9445817032622731e-02 0.0000000000000000e+00 -6.3865252445993892e-02 0.0000000000000000e+00 1 -8 1
L -6.3865252445993892e-02 0.0000000000000000e+00 -5.8305661770207393e-02 0.0000000000000000e+00 1 -8 1
L -5.8305661770207393e-02 0.0000000000000000e+00 -5.2772516613108195e-02 0.0000000000000000e+00 1 -8 1
L -5.2772516613108195e-02 0.0000000000000000e+00 -4.7271183454573339e-02 0.0000000000000000e+00 1 -8 1
L -4.7271183454573339e-02 0.0000000000000000e+00 -4.1806903314180049e-02 0.0000000000000000e+00 1 -8 1
L -4.1806903314180049e-02 0.0000000000000000e+00 -3.6384772459671526e-02 0.0000000000000000e+00 1 -8 1
L -3.6384772459671526e-02 0.0000000000000000e+00 -3.1009724300703811e-02 0.0000000000000000e+00 1 -8 1
L -3.1009724300703811e-02 0.0000000000000000e+00 -2.5686512595943411e-02 0.0000000000000000e+00 1 -8 1
L -2.5686512595943411e-02 0.0000000000000000e+00 -2.0419696083756531e-02 0.0000000000000000e+00 1 -8 1
L -2.0419696083756531e-02 0.0000000000000000e+00 -1.5213624627866051e-02 0.0000000000000000e+00 1 -8 1
L -1.5213624627866051e-02 0.0000000000000000e+00 -1.0072426949787222e-02 0.0000000000000000e+00 1 -8 1
L -1.0072426949787222e-02 0.0000000000000000e+00 -5.0000000000000721e-03 0.0000000000000000e+00 1 -8 1
L -5.0000000000000721e-03 0.0000000000000000e+00 0.0000000000000000e+00 0.0000000000000000e+00 1 -8 1
# Zone 6: wall
L 0.0000000000000000e+00 0.0000000000000000e+00 3.7677234570227695e-05 1.2480526734473378e-03 1 -1 1
L 3.7677234570227695e-05 1.2480526734473378e-03 1.3490128253969052e-04 2.4925067714979317e-03 1 -1 1
L 1.3490128253969052e-04 2.4925067714979317e-03 2.9143229227051790e-04 3.7307203827141207e-03 1 -1 1
L 2.9143229227051790e-04 3.7307203827141207e-03 5.0692824368399271e-04 4.9600639895541433e-03 1 -1 1
L 5.0692824368399271e-04 4.9600639895541433e-03 7.8094536321809775e-04 6.1779231973843867e-03 1 -1 1
L 7.8094536321809775e-04 6.1779231973843867e-03 1.1159371800897220e-03 7.3807679638995677e-03 1 -1 1
L 1.1159371800897220e-03 7.3807679638995677e-03 1.5198790663066843e-03 8.5621481760235502e-03 1 -1 1
L 1.5198790663066843e-03 8.5621481760235502e-03 1.9796686368353375e-03 9.7225721853050878e-03 1 -1 1
L 1.9796686368353375e-03 9.7225721853050878e-03 2.4943023057926107e-03 1.0859584723978532e-02 1 -1 1
L 2.4943023057926107e-03 1.0859584723978532e-02 3.0626823564247107e-03 1.1970772088289602e-02 1 -1 1
L 3.0626823564247107e-03 1.1970772088289602e-02 3.6836181104741004e-03 1.3053764637911282e-02 1 -1 1
L 3.6836181104741004e-03 1.3053764637911282e-02 4.3609984258299065e-03 1.4102674051575004e-02 1 -1 1
L 4.3609984258299065e-03 1.4102674051575004e-02 5.0952468255402415e-03 1.5112377211398739e-02 1 -1 1
L 5.0952468255402415e-03 1.5112377211398739e-02 5.8767021237078922e-03 1.6085624090323734e-02 1 -1 1
L 5.8767021237078922e-03 1.6085624090323734e-02 6.7036853071047453e-03 1.7020361641769045e-02 1 -1 1
L 6.7036853071047453e-03 1.7020361641769045e-02 7.5744393986768837e-03 1.7914603953137063e-02 1 -1 1
L 7.5744393986768837e-03 1.7914603953137063e-02 8.4871312857744963e-03 1.8766434312292687e-02 1 -1 1
L 8.4871312857744963e-03 1.8766434312292687e-02 9.4456703934587567e-03 1.9566595439031338e-02 1 -1 1
L 9.4456703934587567e-03 1.9566595439031338e-02 1.0444914910515975e-02 2.0314889656585441e-02 1 -1 1
L 1.0444914910515975e-02 2.0314889656585441e-02 1.1478549211132880e-02 2.1014456143710839e-02 1 -1 1
L 1.1478549211132880e-02 2.1014456143710839e-02 1.2544366433614923e-02 2.1663824298461400e-02 1 -1 1
L 1.2544366433614923e-02 2.1663824298461400e-02 1.3640104651366825e-02 2.2261610417001629e-02 1 -1 1
L 1.3640104651366825e-02 2.2261610417001629e-02 1.4763449211139609e-02 2.2806519158906025e-02 1 -1 1
L 1.4763449211139609e-02 2.2806519158906025e-02 1.5916502922397911e-02 2.3285603899486824e-02 1 -1 1
L 1.5916502922397911e-02 2.3285603899486824e-02 1.7091888644059951e-02 2.3706002080651975e-02 1 -1 1
L 1.7091888644059951e-02 2.3706002080651975e-02 1.8285805332499117e-02 2.4069714978964183e-02 1 -1 1
L 1.8285805332499117e-02 2.4069714978964183e-02 1.9495712167246184e-02 2.4375983499837280e-02 1 -1 1
L 1.9495712167246184e-02 2.4375983499837280e-02 2.0719040916147444e-02 2.4624147700450807e-02 1 -1 1
L 2.0719040916147444e-02 2.4624147700450807e-02 2.1953199094384864e-02 2.4813643454476064e-02 1 -1 1
# Zone 7: pressure-outlet
L 2.1953199094384864e-02 2.4813643454476064e-02 2.1407850845769159e-02 2.9783814003635497e-02 1 -4 1
L 2.1407850845769159e-02 2.9783814003635497e-02 2.0868532504481264e-02 3.4699029452286395e-02 1 -4 1
L 2.0868532504481264e-02 3.4699029452286395e-02 2.0335031913788264e-02 3.9561223345000320e-02 1 -4 1
L 2.0335031913788264e-02 3.9561223345000320e-02 1.9807143915540761e-02 4.4372265442970502e-02 1 -4 1
L 1.9807143915540761e-02 4.4372265442970502e-02 1.9284670005993661e-02 4.9133964860777021e-02 1 -4 1
L 1.9284670005993661e-02 4.9133964860777021e-02 1.8767418009838280e-02 5.3848073037178271e-02 1 -4 1
L 1.8767418009838280e-02 5.3848073037178271e-02 1.8255201771268041e-02 5.8516286550662933e-02 1 -4 1
L 1.8255201771268041e-02 5.8516286550662933e-02 1.7747840860983338e-02 6.3140249789735745e-02 1 -4 1
L 1.7747840860983338e-02 6.3140249789735745e-02 1.7245160298118335e-02 6.7721557487208719e-02 1 -4 1
L 1.7245160298118335e-02 6.7721557487208719e-02 1.6746990286143067e-02 7.2261757127124779e-02 1 -4 1
L 1.6746990286143067e-02 7.2261757127124779e-02 1.6253165961859196e-02 7.6762351232349105e-02 1 -4 1
L 1.6253165961859196e-02 7.6762351232349105e-02 1.5763527156667997e-02 8.1224799540314294e-02 1 -4 1
L 1.5763527156667997e-02 8.1224799540314294e-02 1.5277918169344302e-02 8.5650521073902905e-02 1 -4 1
L 1.5277918169344302e-02 8.5650521073902905e-02 1.4796187549601129e-02 9.0040896113986774e-02 1 -4 1
L 1.4796187549601129e-02 9.0040896113986774e-02 1.4318187891776879e-02 9.4397268079711230e-02 1 -4 1
L 1.4318187891776879e-02 9.4397268079711230e-02 1.3843775638020337e-02 9.8720945322218853e-02 1 -4 1
L 1.3843775638020337e-02 9.8720945322218853e-02 1.3372810890388961e-02 1.0301320283713986e-01 1 -4 1
L 1.3372810890388961e-02 1.0301320283713986e-01 1.2905157231313011e-02 1.0727528390083801e-01 1 -4 1
L 1.2905157231313011e-02 1.0727528390083801e-01 1.2440681551912332e-02 1.1150840163508942e-01 1 -4 1
L 1.2440681551912332e-02 1.1150840163508942e-01 1.1979253887684447e-02 1.1571374050458112e-01 1 -4 1
L 1.1979253887684447e-02 1.1571374050458112e-01 1.1520747261111949e-02 1.1989245775134899e-01 1 -4 1
L 1.1520747261111949e-02 1.1989245775134899e-01 1.1065037530764227e-02 1.2404568477002728e-01 1 -4 1
L 1.1065037530764227e-02 1.2404568477002728e-01 1.0612003246493994e-02 1.2817452842755250e-01 1 -4 1
L 1.0612003246493994e-02 1.2817452842755250e-01 1.0161525510352071e-02 1.3228007233075176e-01 1 -4 1
L 1.0161525510352071e-02 1.3228007233075176e-01 9.7134878428657978e-03 1.3636337804504875e-01 1 -4 1
L 9.7134878428657978e-03 1.3636337804504875e-01 9.2677760543460313e-03 1.4042548626734025e-01 1 -4 1
L 9.2677760543460313e-03 1.4042548626734025e-01 8.8242781209065656e-03 1.4446741795592483e-01 1 -4 1
L 8.8242781209065656e-03 1.4446741795592483e-01 8.3828840648967080e-03 1.4849017542021103e-01 1 -4 1
L 8.3828840648967080e-03 1.4849017542021103e-01 7.9434858394636394e-03 1.5249474337278787e-01 1 -4 1
L 7.9434858394636394e-03 1.5249474337278787e-01 7.5059772169759455e-03 1.5648208994630544e-01 1 -4 1
L 7.5059772169759455e-03 1.5648208994630544e-01 7.0702536810531395e-03 1.6045316767749151e-01 1 -4 1
L 7.0702536810531395e-03 1.6045316767749151e-01 6.6362123219586584e-03 1.6440891446051401e-01 1 -4 1
L 6.6362123219586584e-03 1.6440891446051401e-01 6.2037517351253013e-03 1.6835025447179550e-01 1 -4 1
L 6.2037517351253013e-03 1.6835025447179550e-01 5.7727719225928158e-03 1.7227809906828684e-01 1 -4 1
L 5.7727719225928158e-03 1.7227809906828684e-01 5.3431741971470929e-03 1.7619334766111919e-01 1 -4 1
L 5.3431741971470929e-03 1.7619334766111919e-01 4.9148610889595693e-03 1.8009688856646952e-01 1 -4 1
L 4.9148610889595693e-03 1.8009688856646952e-01 4.4877362545336641e-03 1.8398959983540070e-01 1 -4 1
L 4.4877362545336641e-03 1.8398959983540070e-01 4.0617043877727082e-03 1.8787235006436651e-01 1 -4 1
L 4.0617043877727082e-03 1.8787235006436651e-01 3.6366711329907371e-03 1.9174599918800997e-01 1 -4 1
L 3.6366711329907371e-03 1.9174599918800997e-01 3.2125429996937771e-03 1.9561139925582607e-01 1 -4 1
L 3.2125429996937771e-03 1.9561139925582607e-01 2.7892272789651032e-03 1.9946939519420573e-01 1 -4 1
L 2.7892272789651032e-03 1.9946939519420573e-01 2.3666319612929429e-03 2.0332082555533437e-01 1 -4 1
L 2.3666319612929429e-03 2.0332082555533437e-01 1.9446656556837297e-03 2.0716652325437362e-01 1 -4 1
L 1.9446656556837297e-03 2.0716652325437362e-01 1.5232375099081068e-03 2.1100731629632008e-01 1 -4 1
L 1.5232375099081068e-03 2.1100731629632008e-01 1.1022571317305307e-03 2.1484402849389905e-01 1 -4 1
L 1.1022571317305307e-03 2.1484402849389905e-01 6.8163451097621194e-04 2.1867748017782762e-01 1 -4 1
L 6.8163451097621194e-04 2.1867748017782762e-01 2.6127994229195150e-04 2.2250848890075353e-01 1 -4 1
L 2.6127994229195150e-04 2.2250848890075353e-01 -1.5889605154047616e-04 2.2633787013615811e-01 1 -4 1
L -1.5889605154047616e-04 2.2633787013615811e-01 -5.7898279587803234e-04 2.3016643797349629e-01 1 -4 1
# Zone 5: pressure-far-field
L -5.7898279587803234e-04 2.3016643797349629e-01 -1.3560533736604562e-02 2.2730080291622806e-01 1 -2 1
L -1.3560533736604562e-02 2.2730080291622806e-01 -2.6598786104843879e-02 2.2470401919643945e-01 1 -2 1
L -2.6598786104843879e-02 2.2470401919643945e-01 -3.9663142128217289e-02 2.2224131410329029e-01 1 -2 1
L -3.9663142128217289e-02 2.2224131410329029e-01 -5.2729216503189485e-02 2.1978770384496726e-01 1 -2 1
L -5.2729216503189485e-02 2.1978770384496726e-01 -6.5773026655707056e-02 2.1721886271947646e-01 1 -2 1
L -6.5773026655707056e-02 2.1721886271947646e-01 -7.8765313326100928e-02 2.1440207072355369e-01 1 -2 1
L -7.8765313326100928e-02 2.1440207072355369e-01 -9.1664157418594155e-02 2.1118619143727729e-01 1 -2 1
L -9.1664157418594155e-02 2.1118619143727729e-01 -1.0440339152616029e-01 2.0738985769765358e-01 1 -2 1
L -1.0440339152616029e-01 2.0738985769765358e-01 -1.1687273757339087e-01 2.0278819427750902e-01 1 -2 1
L -1.1687273757339087e-01 2.0278819427750902e-01 -1.2895842398151069e-01 1.9725587188883914e-01 1 -2 1
L -1.2895842398151069e-01 1.9725587188883914e-01 -1.4066281653480911e-01 1.9095521986097452e-01 1 -2 1
L -1.4066281653480911e-01 1.9095521986097452e-01 -1.5200626308370069e-01 1.8402471551056404e-01 1 -2 1
L -1.5200626308370069e-01 1.8402471551056404e-01 -1.6301763395015514e-01 1.7657716965247283e-01 1 -2 1
L -1.6301763395015514e-01 1.7657716965247283e-01 -1.7373094500805700e-01 1.6870639267679099e-01 1 -2 1
L -1.7373094500805700e-01 1.6870639267679099e-01 -1.8418535146391507e-01 1.6049445856196179e-01 1 -2 1
L -1.8418535146391507e-01 1.6049445856196179e-01 -1.9442945074743140e-01 1.5202129808583811e-01 1 -2 1
L -1.9442945074743140e-01 1.5202129808583811e-01 -2.0453294912762671e-01 1.4338069273959042e-01 1 -2 1
L -2.0453294912762671e-01 1.4338069273959042e-01 -2.1441344991346478e-01 1.3448781083488179e-01 1 -2 1
L -2.1441344991346478e-01 1.3448781083488179e-01 -2.2346690450761986e-01 1.2476541022187937e-01 1 -2 1
L -2.2346690450761986e-01 1.2476541022187937e-01 -2.3096261744440280e-01 1.1380114235506013e-01 1 -2 1
L -2.3096261744440280e-01 1.1380114235506013e-01 -2.3708175253425312e-01 1.0200346782544467e-01 1 -2 1
L -2.3708175253425312e-01 1.0200346782544467e-01 -2.4226493542330005e-01 8.9765983213090345e-02 1 -2 1
L -2.4226493542330005e-01 8.9765983213090345e-02 -2.4650537094075567e-01 7.7167831412280147e-02 1 -2 1
L -2.4650537094075567e-01 7.7167831412280147e-02 -2.5019144370563612e-01 6.4395202873577917e-02 1 -2 1
L -2.5019144370563612e-01 6.4395202873577917e-02 -2.5356044727967930e-01 5.1534882177321426e-02 1 -2 1
L -2.5356044727967930e-01 5.1534882177321426e-02 -2.5676952169805911e-01 3.8633572906608897e-02 1 -2 1
L -2.5676952169805911e-01 3.8633572906608897e-02 -2.5994275605808059e-01 2.5723371906590825e-02 1 -2 1
L -2.5994275605808059e-01 2.5723371906590825e-02 -2.6319745476276801e-01 1.2833536853092957e-02 1 -2 1
L -2.6319745476276801e-01 1.2833536853092957e-02 -2.6666666666666672e-01 0.0000000000000000e+00 1 -2 1
